# Flapping wing at Re=75; drag coefficient.
# Results published in
# Eldredge, J. D. (2007). Numerical simulation of the fluid dynamics of 2D rigid body motion with the vortex particle method. Journal of Computational Physics, 221(2), 626-648.
# Data provided by Chengyu Li on Feb 15, 2017.
# | time | drag coefficient |
 5.555559881E-003 3.531039953E-001
 8.333330043E-003 7.010470033E-001
 1.111110020E-002 1.033529997E+000
 2.222220041E-002 1.219120026E+000
 3.333330154E-002 1.195940018E+000
 4.444440082E-002 1.250090003E+000
 6.388889998E-002 1.273319960E+000
 9.166669846E-002 1.335229993E+000
 1.222219989E-001 1.273429990E+000
 1.472219974E-001 1.227090001E+000
 1.833329946E-001 1.134379983E+000
 1.972219944E-001 1.049350023E+000
 2.249999940E-001 1.049399972E+000
 2.416670024E-001 1.111289978E+000
 2.611109912E-001 1.095870018E+000
 2.972219884E-001 9.644920230E-001
 3.222219944E-001 8.330969810E-001
 3.416669965E-001 6.862270236E-001
 3.555560112E-001 5.238829851E-001
 3.694440126E-001 3.770030141E-001
 3.833329976E-001 2.301220000E-001
 3.944439888E-001 7.550469786E-002
 4.083330035E-001 -1.177669987E-001
 4.222219884E-001 -3.033080101E-001
 4.361110032E-001 -5.738989711E-001
 4.527780116E-001 -7.980939746E-001
 4.694440067E-001 -1.037750006E+000
 5.027779937E-001 -1.470679998E+000
 5.111110210E-001 1.606660008E+000
 5.249999762E-001 1.691740036E+000
 5.444440246E-001 1.800019979E+000
 5.694440007E-001 1.877390027E+000
 5.888890028E-001 1.923820019E+000
 6.083329916E-001 1.761489987E+000
 6.250000000E-001 1.614609957E+000
 6.416670084E-001 1.382680058E+000
 6.555560231E-001 1.359509945E+000
 6.777780056E-001 1.204920053E+000
 7.222219706E-001 1.050369978E+000
 7.444440126E-001 1.166389942E+000
 7.611110210E-001 1.243739963E+000
 7.694439888E-001 1.290150046E+000
 8.111109734E-001 1.158779979E+000
 8.361110091E-001 1.011929989E+000
 8.555560112E-001 8.341280222E-001
 8.694440126E-001 6.640520096E-001
 8.833330274E-001 4.785119891E-001
 8.972219825E-001 2.465800047E-001
 9.083330035E-001 4.557019845E-002
 9.277780056E-001 -2.945980132E-001
 9.444440007E-001 -5.187929869E-001
 9.583330154E-001 -7.971169949E-001
 9.833329916E-001 -1.152740002E+000
 1.005560040E+000 -1.353729963E+000
 1.011109948E+000 1.460719943E+000
 1.024999976E+000 1.553529978E+000
 1.041669965E+000 1.630879998E+000
 1.061110020E+000 1.700500011E+000
 1.083330035E+000 1.746940017E+000
 1.105559945E+000 1.631000042E+000
 1.125000000E+000 1.460940003E+000
 1.136109948E+000 1.298589945E+000
 1.149999976E+000 1.120779991E+000
 1.169440031E+000 9.275180101E-001
 1.194440007E+000 7.265359759E-001
 1.227779984E+000 7.265999913E-001
 1.255560040E+000 8.271690011E-001
 1.274999976E+000 8.967940211E-001
 1.288890004E+000 9.509450197E-001
 1.311110020E+000 1.005110025E+000
 1.341670036E+000 1.005169988E+000
 1.372220039E+000 8.351269960E-001
 1.391669989E+000 6.650609970E-001
 1.405560017E+000 4.795210063E-001
 1.422219992E+000 2.166669965E-001
 1.436110020E+000 1.986679999E-004
 1.450000048E+000 -2.626610100E-001
 1.466670036E+000 -5.487110019E-001
 1.483330011E+000 -7.806379795E-001
 1.502779961E+000 -9.816309810E-001
 1.508329988E+000 9.668329954E-001
 1.511109948E+000 1.044160008E+000
 1.519440055E+000 1.113759995E+000
 1.538890004E+000 1.144729972E+000
 1.588889956E+000 1.052039981E+000
 1.611109972E+000 8.819800019E-001
 1.636109948E+000 7.351210117E-001
 1.669440031E+000 7.197219729E-001
 1.691669941E+000 7.584249973E-001
 1.708330035E+000 8.280439973E-001
 1.733330011E+000 9.286080003E-001
 1.744439960E+000 1.029150009E+000
 1.755560040E+000 1.145149946E+000
 1.772220016E+000 1.230229974E+000
 1.780560017E+000 1.299829960E+000
 1.794440031E+000 1.276659966E+000
 1.813889980E+000 1.338559985E+000
 1.844439983E+000 1.245830059E+000
 1.855559945E+000 1.122140050E+000
 1.872220039E+000 9.443410039E-001
 1.883329988E+000 7.742589712E-001
 1.899999976E+000 5.423319936E-001
 1.911110044E+000 2.871989906E-001
 1.924999952E+000 1.143689966E-003
 1.938889980E+000 -2.849119902E-001
 1.950000048E+000 -5.168489814E-001
 1.969439983E+000 -7.642340064E-001
 1.983330011E+000 -9.807019830E-001
 2.002779961E+000 -1.212620020E+000
 2.008330107E+000 1.284809947E+000
 2.027780056E+000 1.354439974E+000
 2.055560112E+000 1.385419965E+000
 2.097219944E+000 1.315909982E+000
 2.116669893E+000 1.153579950E+000
 2.133330107E+000 9.835050106E-001
 2.161109924E+000 8.366519809E-001
 2.188889980E+000 7.516540289E-001
 2.224999905E+000 8.290429711E-001
 2.238889933E+000 9.218540192E-001
 2.252779961E+000 1.014660001E+000
 2.269439936E+000 1.107480049E+000
 2.277780056E+000 1.177080035E+000
 2.291670084E+000 1.146180034E+000
 2.313889980E+000 1.223539948E+000
 2.336110115E+000 1.169460058E+000
 2.347219944E+000 1.138560057E+000
 2.366669893E+000 9.994199872E-001
 2.386110067E+000 7.984269857E-001
 2.402780056E+000 5.974280238E-001
 2.422219992E+000 2.727229893E-001
 2.438889980E+000 -2.105879970E-002
 2.455559969E+000 -3.612329960E-001
 2.474999905E+000 -6.240820289E-001
 2.502779961E+000 -9.178429842E-001
 2.505559921E+000 9.223690033E-001
 2.513890028E+000 9.997050166E-001
 2.525000095E+000 1.061579943E+000
 2.549999952E+000 1.077090025E+000
 2.597219944E+000 9.612060189E-001
 2.619440079E+000 8.143420219E-001
 2.638890028E+000 6.829360127E-001
 2.669440031E+000 6.829950213E-001
 2.697220087E+000 7.449039817E-001
 2.713890076E+000 8.145239949E-001
 2.730560064E+000 9.228039980E-001
 2.747220039E+000 1.077479959E+000
 2.766669989E+000 1.185760021E+000
 2.780560017E+000 1.278570056E+000
 2.797219992E+000 1.247679949E+000
 2.816669941E+000 1.294100046E+000
 2.849999905E+000 1.131800056E+000
 2.869440079E+000 9.308040142E-001
 2.883330107E+000 6.988720298E-001
 2.897219896E+000 4.437449872E-001
 2.911109924E+000 1.886170059E-001
 2.930560112E+000 -1.592839956E-001
 2.947220087E+000 -4.453339875E-001
 2.966670036E+000 -7.468429804E-001
 2.983330011E+000 -1.009699941E+000
 3.005559921E+000 -1.179759979E+000
 3.008330107E+000 1.232620001E+000
 3.019439936E+000 1.317690015E+000
 3.047219992E+000 1.371870041E+000
 3.075000048E+000 1.364189982E+000
 3.111109972E+000 1.209619999E+000
 3.130559921E+000 1.031820059E+000
 3.155560017E+000 8.849660158E-001
 3.194439888E+000 7.613289952E-001
 3.219439983E+000 8.309649825E-001
 3.236109972E+000 9.237809777E-001
 3.252779961E+000 1.032060027E+000
 3.272219896E+000 1.101690054E+000
 3.311110020E+000 1.124959946E+000
 3.355560064E+000 9.704040289E-001
 3.375000000E+000 7.616779804E-001
 3.391669989E+000 5.838760138E-001
 3.405560017E+000 3.442119956E-001
 3.419440031E+000 1.354759932E-001
 3.433330059E+000 -7.326029986E-002
 3.444439888E+000 -3.129299879E-001
 3.463890076E+000 -5.757790208E-001
 3.505559921E+000 -9.545639753E-001
 3.508330107E+000 1.001629949E+000
 3.519439936E+000 1.048040032E+000
 3.538889885E+000 1.086740017E+000
 3.580559969E+000 1.024960041E+000
 3.611109972E+000 8.626499772E-001
 3.636110067E+000 7.235230207E-001
 3.674999952E+000 7.313309908E-001
 3.700000048E+000 7.777709961E-001
 3.722219944E+000 8.783289790E-001
 3.730560064E+000 9.479330182E-001
 3.741669893E+000 1.071670055E+000
 3.755559921E+000 1.179939985E+000
 3.769439936E+000 1.249549985E+000
 3.780560017E+000 1.280500054E+000
 3.816669941E+000 1.303769946E+000
 3.849999905E+000 1.156929970E+000
 3.861109972E+000 1.002310038E+000
 3.880559921E+000 7.626559734E-001
 3.891669989E+000 5.152549744E-001
 3.905560017E+000 2.755909860E-001
 3.927779913E+000 -9.550040215E-002
 3.936110020E+000 -3.583709896E-001
 3.952780008E+000 -6.212249994E-001
 3.977780104E+000 -8.531360030E-001
 3.994440079E+000 -1.162379980E+000
