# Flapping wing at Re=75; lift coefficient.
# Results published in
# Eldredge, J. D. (2007). Numerical simulation of the fluid dynamics of 2D rigid body motion with the vortex particle method. Journal of Computational Physics, 221(2), 626-648.
# Data provided by Chengyu Li on Feb 15, 2017.
# | time | lift coefficient |
 6.496690214E-003 3.104580007E-002
 1.212679967E-002 1.242050007E-001
 1.771670021E-002 1.738860011E-001
 3.162829950E-002 2.297649980E-001
 3.446349874E-002 2.980830073E-001
 4.562610015E-002 3.788110018E-001
 5.957210064E-002 4.719569981E-001
 7.352969795E-002 5.775259733E-001
 9.026499838E-002 6.893010139E-001
 1.069659963E-001 7.638090253E-001
 1.236670017E-001 8.383169770E-001
 1.431110054E-001 8.817650080E-001
 1.736370027E-001 9.189850092E-001
 1.902520061E-001 9.003260136E-001
 2.096730024E-001 9.189289808E-001
 2.208009958E-001 9.623900056E-001
 2.291630059E-001 1.012069941E+000
 2.403199971E-001 1.086580038E+000
 2.624959946E-001 1.086549997E+000
 2.818199992E-001 9.995620251E-001
 3.011380136E-001 9.063649774E-001
 3.121339977E-001 8.069689870E-001
 3.258959949E-001 7.013570070E-001
 3.424189985E-001 5.833190084E-001
 3.506320119E-001 4.715049863E-001
 3.643769920E-001 3.472599983E-001
 3.753499985E-001 2.230200022E-001
 3.891069889E-001 1.111970022E-001
 4.028640091E-001 -6.255650078E-004
 4.277139902E-001 -1.062539965E-001
 4.498899877E-001 -1.062889993E-001
 4.665740132E-001 -5.041389912E-002
 4.777140021E-001 5.469390191E-003
 4.833149910E-001 6.757249683E-002
 5.000669956E-001 1.979809999E-001
 5.112360120E-001 2.849200070E-001
 5.196319818E-001 3.718639910E-001
 5.280230045E-001 4.525960088E-001
 5.419800282E-001 5.581650138E-001
 5.559380054E-001 6.637330055E-001
 5.726619959E-001 7.630860209E-001
 5.782799721E-001 8.438230157E-001
 5.894370079E-001 9.183390141E-001
 6.088070273E-001 8.810420036E-001
 6.336740255E-001 7.940469980E-001
 6.613199711E-001 7.132589817E-001
 6.834840178E-001 7.008020282E-001
 7.167710066E-001 7.255949974E-001
 7.279509902E-001 8.249570131E-001
 7.335579991E-001 8.932710290E-001
 7.391710281E-001 9.677960277E-001
 7.475439906E-001 1.029899955E+000
 7.531570196E-001 1.104419947E+000
 7.615590096E-001 1.197579980E+000
 7.699329853E-001 1.259670019E+000
 7.892850041E-001 1.203740001E+000
 8.086090088E-001 1.116760015E+000
 8.251259923E-001 9.925079942E-001
 8.388770223E-001 8.744739890E-001
 8.498499990E-001 7.502329946E-001
 8.608180285E-001 6.197810173E-001
 8.717849851E-001 4.893299937E-001
 8.855069876E-001 3.402400017E-001
 8.964580297E-001 1.911550015E-001
 9.102079868E-001 7.312080264E-002
 9.267429709E-001 -3.249489889E-002
 9.488559961E-001 -1.008519977E-001
 9.766499996E-001 -2.015010081E-002
 9.878069758E-001 5.436680093E-002
 9.989809990E-001 1.475169957E-001
 1.012959957E+000 2.779299915E-001
 1.024140000E+000 3.772920072E-001
 1.038089991E+000 4.704380035E-001
 1.046479940E+000 5.573809743E-001
 1.054859996E+000 6.256909966E-001
 1.066009998E+000 6.939970255E-001
 1.077180028E+000 7.747250199E-001
 1.088350058E+000 8.678749800E-001
 1.113299966E+000 8.678359985E-001
 1.132609963E+000 7.622159719E-001
 1.143599987E+000 6.566089988E-001
 1.160140038E+000 5.572050214E-001
 1.171129942E+000 4.578090012E-001
 1.193179965E+000 3.211289942E-001
 1.220900059E+000 3.210859895E-001
 1.245990038E+000 4.701150060E-001
 1.262699962E+000 5.570449829E-001
 1.271100044E+000 6.502000093E-001
 1.287770033E+000 6.874409914E-001
 1.301679969E+000 7.433199883E-001
 1.321140051E+000 7.991909981E-001
 1.343309999E+000 7.929450274E-001
 1.359850049E+000 6.935409904E-001
 1.376379967E+000 5.879250169E-001
 1.392910004E+000 4.760980010E-001
 1.401119947E+000 3.642840087E-001
 1.414860010E+000 2.276169956E-001
 1.434149981E+000 1.095739976E-001
 1.461770058E+000 3.941350151E-003
 1.486770034E+000 5.980309844E-002
 1.506250024E+000 1.405179948E-001
 1.522950053E+000 2.150260061E-001
 1.545199990E+000 2.895259857E-001
 1.559100032E+000 3.391939998E-001
 1.584069967E+000 3.639999926E-001
 1.622779965E+000 2.521390021E-001
 1.639340043E+000 1.775790006E-001
 1.672620058E+000 1.961610019E-001
 1.694859982E+000 2.644490004E-001
 1.706050038E+000 3.700219989E-001
 1.720010042E+000 4.818010032E-001
 1.731199980E+000 5.935850143E-001
 1.736840010E+000 6.929550171E-001
 1.745260000E+000 8.047429919E-001
 1.750880003E+000 8.916910291E-001
 1.759279966E+000 9.786350131E-001
 1.767699957E+000 1.090420008E+000
 1.778910041E+000 1.227049947E+000
 1.789980054E+000 1.208400011E+000
 1.812240005E+000 1.301530004E+000
 1.839879990E+000 1.208320022E+000
 1.848090053E+000 1.096510053E+000
 1.861799955E+000 9.349970222E-001
 1.872750044E+000 7.797009945E-001
 1.883679986E+000 6.119819880E-001
 1.894639969E+000 4.691079855E-001
 1.905599952E+000 3.386560082E-001
 1.916569948E+000 2.082040012E-001
 1.933099985E+000 9.637720138E-002
 1.952419996E+000 3.179480089E-003
 1.991320014E+000 1.087090001E-001
 2.010839939E+000 2.329020053E-001
 2.035900116E+000 3.570869863E-001
 2.049849987E+000 4.502330124E-001
 2.072079897E+000 5.123100281E-001
 2.088769913E+000 5.743960142E-001
 2.127490044E+000 4.749569893E-001
 2.146800041E+000 3.755480051E-001
 2.191070080E+000 2.885229886E-001
 2.210570097E+000 3.940829933E-001
 2.227289915E+000 4.810140133E-001
 2.235699892E+000 5.865910053E-001
 2.246890068E+000 6.921629906E-001
 2.258059978E+000 7.853140235E-001
 2.269229889E+000 8.784639835E-001
 2.277669907E+000 1.008890033E+000
 2.288739920E+000 9.840239882E-001
 2.311009884E+000 1.089580059E+000
 2.344199896E+000 1.008780003E+000
 2.355170012E+000 8.845419884E-001
 2.368930101E+000 7.789300084E-001
 2.379909992E+000 6.546900272E-001
 2.399120092E+000 4.496909976E-001
 2.410089970E+000 3.192389905E-001
 2.421060085E+000 1.887869984E-001
 2.456939936E+000 2.102960087E-002
 2.487449884E+000 4.582690075E-002
 2.504169941E+000 1.327580065E-001
 2.523659945E+000 2.321060002E-001
 2.543149948E+000 3.190320134E-001
 2.573679924E+000 3.624629974E-001
 2.584779978E+000 3.748680055E-001
 2.620729923E+000 2.878560126E-001
 2.631759882E+000 2.257270068E-001
 2.659460068E+000 2.008389980E-001
 2.687239885E+000 2.629080117E-001
 2.703959942E+000 3.622609973E-001
 2.723520041E+000 5.299320221E-001
 2.734730005E+000 6.665610075E-001
 2.745980024E+000 8.404570222E-001
 2.757179976E+000 9.584519863E-001
 2.765579939E+000 1.051609993E+000
 2.779589891E+000 1.213080049E+000
 2.790640116E+000 1.169579983E+000
 2.810120106E+000 1.250290036E+000
 2.837749958E+000 1.157080054E+000
 2.848730087E+000 1.032840014E+000
 2.865190029E+000 8.526939750E-001
 2.878880024E+000 6.725479960E-001
 2.889770031E+000 4.551399946E-001
 2.908999920E+000 2.625640035E-001
 2.928240061E+000 8.240959793E-002
 2.958650112E+000 1.616999973E-003
 2.997560024E+000 1.071470007E-001
 3.019870043E+000 2.499690056E-001
 3.036619902E+000 3.803780079E-001
 3.050559998E+000 4.673129916E-001
 3.067240000E+000 5.231879950E-001
 3.089499950E+000 6.101089716E-001
 3.122699976E+000 5.417349935E-001
 3.139260054E+000 4.609639943E-001
 3.164119959E+000 3.677580059E-001
 3.189029932E+000 3.242410123E-001
 3.214060068E+000 4.173690081E-001
 3.228009939E+000 5.167269707E-001
 3.241980076E+000 6.285060048E-001
 3.253200054E+000 7.713459730E-001
 3.278330088E+000 9.762759805E-001
 3.289400101E+000 9.576249719E-001
 3.306070089E+000 9.948660135E-001
 3.339210033E+000 8.643800020E-001
 3.355710030E+000 7.214969993E-001
 3.372210026E+000 5.786150098E-001
 3.385950089E+000 4.419470131E-001
 3.396929979E+000 3.239180148E-001
 3.410660028E+000 1.872510016E-001
 3.432719946E+000 6.299269944E-002
 3.460360050E+000 -2.400680073E-002
 3.496469975E+000 5.668250099E-002
 3.515969992E+000 1.560309976E-001
 3.541019917E+000 2.677929997E-001
 3.560489893E+000 3.422969878E-001
 3.591020107E+000 3.857280016E-001
 3.624209881E+000 2.987200022E-001
 3.640779972E+000 2.303709984E-001
 3.671289921E+000 2.551690042E-001
 3.693559885E+000 3.545129895E-001
 3.710309982E+000 4.787110090E-001
 3.729850054E+000 6.339600086E-001
 3.741100073E+000 8.016440272E-001
 3.749530077E+000 9.258549809E-001
 3.760720015E+000 1.037639976E+000
 3.780309916E+000 1.236369967E+000
 3.791349888E+000 1.192870021E+000
 3.810820103E+000 1.254950047E+000
 3.841150045E+000 1.080989957E+000
 3.860399961E+000 9.132599831E-001
 3.871350050E+000 7.703859806E-001
 3.882270098E+000 5.840340257E-001
 3.895960093E+000 4.038879871E-001
 3.909670115E+000 2.423759997E-001
 3.931689978E+000 6.842909753E-002
 3.959320068E+000 -2.478159964E-002
 3.984339952E+000 5.592489988E-002
 3.995510101E+000 1.428640038E-001
