# Flapping wing at Re=75; lift coefficient.
# Results published in
# Wang, Z. J., Birch, J. M., & Dickinson, M. H. (2004). Unsteady forces and flows in low Reynolds number hovering flight: two-dimensional computations vs robotic wing experiments. Journal of Experimental Biology, 207(3), 449-460.
# Data provided by Chengyu Li on Feb 15, 2017.
# | time | lift coefficient |
 3.079290036E-003 5.349999810E-006
 2.771360055E-002 -1.041190028E-001
 4.311009869E-002 7.019289769E-003
 4.926870018E-002 1.389739960E-001
 5.850649998E-002 2.709349990E-001
 6.158579886E-002 3.889960051E-001
 7.082369924E-002 5.209559798E-001
 8.006159961E-002 6.181949973E-001
 9.853730351E-002 7.501710057E-001
 1.139340028E-001 6.321420074E-001
 1.262509972E-001 5.141080022E-001
 1.447270066E-001 4.377509952E-001
 1.785990000E-001 5.558660030E-001
 1.909160018E-001 6.461650133E-001
 2.001540065E-001 7.572919726E-001
 2.155500054E-001 8.475959897E-001
 2.463430017E-001 8.684830070E-001
 2.709780037E-001 8.893589973E-001
 3.202460110E-001 8.199999928E-001
 3.510389924E-001 7.089430094E-001
 3.633559942E-001 5.839639902E-001
 3.756740093E-001 4.728739858E-001
 3.879910111E-001 3.548400104E-001
 4.003080130E-001 2.159730047E-001
 4.249419868E-001 8.407109976E-002
 4.618940055E-001 -1.311430037E-001
 4.896070063E-001 -6.165000051E-002
 5.111619830E-001 7.033190131E-002
 5.388759971E-001 -2.684219927E-002
 5.542730093E-001 1.051290035E-001
 5.635100007E-001 2.579230070E-001
 5.665900111E-001 3.829280138E-001
 5.912240148E-001 5.426930189E-001
 6.127790213E-001 4.246749878E-001
 6.528099775E-001 2.997440100E-001
 6.712859869E-001 3.831099868E-001
 6.805229783E-001 4.456259906E-001
 7.082369924E-001 5.220630169E-001
 7.236340046E-001 6.609789729E-001
 7.359510064E-001 7.790549994E-001
 7.544260025E-001 8.485320210E-001
 7.852190137E-001 1.001360059E+000
 8.344879746E-001 9.945039749E-001
 8.591219783E-001 8.834360242E-001
 8.745189905E-001 7.445740104E-001
 8.806769848E-001 6.265289783E-001
 8.929949999E-001 4.668279886E-001
 8.991529942E-001 3.140609860E-001
 9.145500064E-001 1.751990020E-001
 9.299460053E-001 5.022560060E-002
 9.576600194E-001 -8.167070150E-002
 9.976909757E-001 -4.687900096E-002
 1.031559944E+000 3.651310131E-002
 1.050040007E+000 1.407119930E-001
 1.053120017E+000 2.726620138E-001
 1.062360048E+000 3.907330036E-001
 1.077749968E+000 5.157600045E-001
 1.108549953E+000 3.838689923E-001
 1.130100012E+000 2.241840065E-001
 1.163969994E+000 3.145210147E-001
 1.182450056E+000 4.464969933E-001
 1.197839975E+000 5.576350093E-001
 1.222480059E+000 6.896219850E-001
 1.256350040E+000 7.799590230E-001
 1.290220022E+000 9.466840029E-001
 1.342569947E+000 8.981639743E-001
 1.361050010E+000 7.593070269E-001
 1.373360038E+000 6.343290210E-001
 1.388759971E+000 4.746330082E-001
 1.404160023E+000 3.218820095E-001
 1.416470051E+000 1.760700047E-001
 1.438030005E+000 3.027440049E-002
 1.450350046E+000 -1.016490012E-001
 1.487300038E+000 -8.075120300E-002
 1.515009999E+000 4.429690167E-002
 1.539649963E+000 -2.510480024E-002
 1.558120012E+000 1.485379934E-001
 1.564280033E+000 2.804940045E-001
 1.570440054E+000 3.846710026E-001
 1.585839987E+000 4.958089888E-001
 1.619709969E+000 3.639230132E-001
 1.650500059E+000 2.250880003E-001
 1.672060013E+000 3.292919993E-001
 1.687450051E+000 4.265410006E-001
 1.715170026E+000 5.029780269E-001
 1.733639956E+000 6.557880044E-001
 1.742879987E+000 7.808039784E-001
 1.770589948E+000 8.572409749E-001
 1.795230031E+000 9.128389955E-001
 1.844499946E+000 8.643130064E-001
 1.862969995E+000 7.185119987E-001
 1.878370047E+000 5.865939856E-001
 1.890689969E+000 4.477269948E-001
 1.899919987E+000 3.019100130E-001
 1.918400049E+000 1.491640061E-001
 1.939949989E+000 3.367980011E-003
 1.964589953E+000 -7.992260158E-002
 2.007699966E+000 -3.123660013E-002
 2.038490057E+000 4.520570114E-002
 2.050810099E+000 1.910600066E-001
 2.060050011E+000 3.438540101E-001
 2.078520060E+000 5.244420171E-001
 2.109309912E+000 3.786619902E-001
 2.127789974E+000 2.675830126E-001
 2.161659956E+000 3.718079925E-001
 2.183219910E+000 4.760130048E-001
 2.204770088E+000 6.149389744E-001
 2.226330042E+000 7.677540183E-001
 2.254040003E+000 7.886350155E-001
 2.284830093E+000 9.761890173E-001
 2.346420050E+000 8.790739775E-001
 2.364900112E+000 7.193840146E-001
 2.380290031E+000 6.013550162E-001
 2.389529943E+000 4.208149910E-001
 2.411089897E+000 2.541860044E-001
 2.423399925E+000 1.292070001E-001
 2.444960117E+000 -2.699729986E-003
 2.457269907E+000 -7.906720042E-002
 2.488070011E+000 -7.206930220E-002
 2.512700081E+000 4.602900147E-002
 2.540420055E+000 -2.336730063E-002
 2.561969995E+000 1.711149961E-001
 2.571209908E+000 3.516860008E-001
 2.586610079E+000 5.183799863E-001
 2.620480061E+000 3.726049960E-001
 2.654350042E+000 2.476640046E-001
 2.682060003E+000 3.727119863E-001
 2.712860107E+000 4.560990036E-001
 2.725169897E+000 6.019530296E-001
 2.737489939E+000 7.547529936E-001
 2.746730089E+000 8.103240132E-001
 2.771359921E+000 8.520339727E-001
 2.796000004E+000 9.701319933E-001
 2.854500055E+000 8.452339768E-001
 2.872980118E+000 6.994320154E-001
 2.882220030E+000 5.605589747E-001
 2.894530058E+000 4.078029990E-001
 2.909929991E+000 2.481079996E-001
 2.925329924E+000 1.023010015E-001
 2.962280035E+000 -7.819049805E-002
 3.005389929E+000 -2.950450033E-002
 3.036180019E+000 5.388230085E-002
 3.057739973E+000 2.344750017E-001
 3.063899994E+000 3.733749986E-001
 3.079289913E+000 5.192350149E-001
 3.110080004E+000 3.873440027E-001
 3.128560066E+000 2.623760104E-001
 3.174750090E+000 3.874559999E-001
 3.196300030E+000 5.194380283E-001
 3.214780092E+000 6.514149904E-001
 3.230180025E+000 8.042190075E-001
 3.260970116E+000 8.320500255E-001
 3.291759968E+000 1.005710006E+000
 3.347189903E+000 9.016439915E-001
 3.368750095E+000 7.141820192E-001
 3.387219906E+000 5.267140269E-001
 3.402620077E+000 3.531300128E-001
 3.418009996E+000 1.795450002E-001
 3.436490059E+000 3.374389932E-002
 3.458039999E+000 -7.732979953E-002
 3.488840103E+000 -7.727629691E-002
 3.513469934E+000 5.471089855E-002
 3.541189909E+000 -1.468539983E-002
 3.562740088E+000 1.589629948E-001
 3.568900108E+000 3.186959922E-001
 3.587369919E+000 5.131729841E-001
 3.621249914E+000 3.743419945E-001
 3.652040005E+000 2.424509972E-001
 3.685909986E+000 3.952879906E-001
 3.716710091E+000 4.995079935E-001
 3.735179901E+000 6.800959706E-001
 3.744420052E+000 8.259450197E-001
 3.772130013E+000 8.537709713E-001
 3.796770096E+000 9.649249911E-001
 3.855269909E+000 8.330820203E-001
 3.870670080E+000 7.081090212E-001
 3.879909992E+000 5.692359805E-001
 3.892220020E+000 4.442569911E-001
 3.904540062E+000 2.845560014E-001
 3.926100016E+000 1.109829992E-001
 3.959969997E+000 -7.645840198E-002
 3.987679958E+000 -2.779920027E-002
