# Flapping wing at Re=75; drag coefficient.
# Results published in
# Wang, Z. J., Birch, J. M., & Dickinson, M. H. (2004). Unsteady forces and flows in low Reynolds number hovering flight: two-dimensional computations vs robotic wing experiments. Journal of Experimental Biology, 207(3), 449-460.
# Data provided by Chengyu Li on Feb 15, 2017.
# | time | drag coefficient |
 0.000000000E+000 1.097560022E-002
 6.158580072E-003 -3.134149909E-001
 1.539650001E-002 -5.695120096E-001
 3.079289943E-002 -1.682929993E-001
 4.003079981E-002 2.414630055E-001
 4.618940130E-002 7.792680264E-001
 5.542730168E-002 1.248780012E+000
 5.850649998E-002 1.530490041E+000
 7.390300184E-002 1.820729971E+000
 9.545800090E-002 1.530490041E+000
 1.016170010E-001 1.317070007E+000
 1.108549982E-001 1.086590052E+000
 1.170130000E-001 9.585369825E-001
 1.354890019E-001 8.219509721E-001
 1.662819982E-001 7.024390101E-001
 1.909160018E-001 7.878050208E-001
 2.155500054E-001 8.987799883E-001
 2.401849926E-001 8.475610018E-001
 2.648189962E-001 9.243900180E-001
 2.986910045E-001 8.560979962E-001
 3.264049888E-001 8.987799883E-001
 3.725939989E-001 7.707319856E-001
 3.910700083E-001 6.170729995E-001
 4.033870101E-001 4.463410079E-001
 4.157040119E-001 2.841460109E-001
 4.280219972E-001 9.634149820E-002
 4.403389990E-001 -1.000000015E-001
 4.526560009E-001 -2.963410020E-001
 4.649730027E-001 -5.097560287E-001
 4.957660139E-001 -8.256099820E-001
 4.926869869E-001 7.963410020E-001
 5.111619830E-001 5.487800241E-001
 5.296379924E-001 2.926830053E-001
 5.450350046E-001 6.597560048E-001
 5.542730093E-001 8.987799883E-001
 5.604310036E-001 1.163409948E+000
 5.604310036E-001 1.317070007E+000
 5.727480054E-001 1.504879951E+000
 5.973830223E-001 1.291460037E+000
 6.097000241E-001 1.086590052E+000
 6.312549710E-001 9.073169827E-001
 6.620479822E-001 7.365850210E-001
 7.082369924E-001 8.134149909E-001
 7.421090007E-001 9.158539772E-001
 7.790610194E-001 9.670730233E-001
 8.252500296E-001 1.026829958E+000
 8.622019887E-001 9.499999881E-001
 8.806769848E-001 7.365850210E-001
 8.960739970E-001 5.231710076E-001
 9.114699960E-001 2.756099999E-001
 9.237880111E-001 8.780489862E-002
 9.391840100E-001 -1.682929993E-001
 9.545800090E-001 -3.646340072E-001
 9.699770212E-001 -6.292679906E-001
 9.915320277E-001 -8.597559929E-001
 9.946110249E-001 6.170729995E-001
 1.003849983E+000 3.780489862E-001
 1.019250035E+000 1.134150028E-001
 1.034639955E+000 4.121949971E-001
 1.037719965E+000 7.280489802E-001
 1.046959996E+000 1.103659987E+000
 1.050040007E+000 1.342679977E+000
 1.065430045E+000 1.743899941E+000
 1.083909988E+000 1.453660011E+000
 1.096230030E+000 1.146340013E+000
 1.108549953E+000 9.243900180E-001
 1.123939991E+000 7.792680264E-001
 1.173210025E+000 7.109760046E-001
 1.210160017E+000 8.475610018E-001
 1.240949988E+000 8.817070127E-001
 1.268669963E+000 9.926829934E-001
 1.308699965E+000 1.060979962E+000
 1.354889989E+000 1.078050017E+000
 1.382599950E+000 8.987799883E-001
 1.404160023E+000 6.682929993E-001
 1.419549942E+000 4.207319915E-001
 1.434949994E+000 1.731709987E-001
 1.453430057E+000 -1.512199938E-001
 1.468819976E+000 -3.731710017E-001
 1.490380049E+000 -7.146340013E-001
 1.496539950E+000 7.195119858E-001
 1.511929989E+000 5.146340132E-001
 1.533489943E+000 2.841460109E-001
 1.545799971E+000 6.000000238E-001
 1.551959991E+000 9.243900180E-001
 1.558120012E+000 1.120730042E+000
 1.573519945E+000 1.470729947E+000
 1.598150015E+000 1.248780012E+000
 1.610470057E+000 1.009760022E+000
 1.638180017E+000 7.963410020E-001
 1.665899992E+000 6.341459751E-001
 1.693609953E+000 7.195119858E-001
 1.724400043E+000 7.621949911E-001
 1.749040008E+000 8.560979962E-001
 1.789070010E+000 8.902440071E-001
 1.841420054E+000 9.243900180E-001
 1.875290036E+000 7.536590099E-001
 1.890689969E+000 5.487800241E-001
 1.906080008E+000 3.182930052E-001
 1.921479940E+000 9.634149820E-002
 1.939949989E+000 -1.512199938E-001
 1.955350041E+000 -3.646340072E-001
 1.973829985E+000 -6.548780203E-001
 1.992300034E+000 -8.939020038E-001
 1.998460054E+000 6.512200236E-001
 2.007699966E+000 3.439019918E-001
 2.016940117E+000 9.634149820E-002
 2.035409927E+000 3.865849972E-001
 2.038490057E+000 6.426830292E-001
 2.047729969E+000 9.670730233E-001
 2.050810099E+000 1.291460037E+000
 2.056969881E+000 1.530490041E+000
 2.066200018E+000 1.735370040E+000
 2.084680080E+000 1.496340036E+000
 2.096999884E+000 1.197559953E+000
 2.106240034E+000 9.756100178E-001
 2.118550062E+000 8.219509721E-001
 2.177059889E+000 7.451220155E-001
 2.207849979E+000 7.963410020E-001
 2.217089891E+000 9.243900180E-001
 2.247879982E+000 8.902440071E-001
 2.275599957E+000 1.060979962E+000
 2.303309917E+000 1.009760022E+000
 2.337179899E+000 1.095119953E+000
 2.380290031E+000 8.902440071E-001
 2.398770094E+000 6.682929993E-001
 2.423399925E+000 3.182930052E-001
 2.438800097E+000 1.097560022E-002
 2.460350037E+000 -3.219510019E-001
 2.491149902E+000 -6.719509959E-001
 2.494230032E+000 7.451220155E-001
 2.515779972E+000 5.231710076E-001
 2.531179905E+000 2.841460109E-001
 2.546570063E+000 5.573170185E-001
 2.555809975E+000 8.304880261E-001
 2.558890104E+000 1.026829958E+000
 2.577369928E+000 1.487800002E+000
 2.598920107E+000 1.248780012E+000
 2.617399931E+000 9.756100178E-001
 2.666670084E+000 6.426830292E-001
 2.697459936E+000 7.280489802E-001
 2.728250027E+000 7.792680264E-001
 2.743649960E+000 9.073169827E-001
 2.765199900E+000 8.560979962E-001
 2.802160025E+000 9.414629936E-001
 2.860660076E+000 8.987799883E-001
 2.885299921E+000 6.682929993E-001
 2.906850100E+000 3.439019918E-001
 2.928410053E+000 3.658540174E-002
 2.946880102E+000 -2.195120007E-001
 2.965359926E+000 -5.268290043E-001
 2.989989996E+000 -9.109759927E-001
 2.996150017E+000 6.426830292E-001
 3.017709970E+000 9.634149820E-002
 3.039259911E+000 4.804880023E-001
 3.042340040E+000 8.817070127E-001
 3.051579952E+000 1.308539987E+000
 3.066970110E+000 1.735370040E+000
 3.088530064E+000 1.385370016E+000
 3.103929996E+000 1.026829958E+000
 3.122400045E+000 8.048779964E-001
 3.190150023E+000 7.365850210E-001
 3.230180025E+000 9.158539772E-001
 3.254810095E+000 9.329270124E-001
 3.282530069E+000 1.043900013E+000
 3.310240030E+000 1.060979962E+000
 3.328710079E+000 1.112200022E+000
 3.374900103E+000 9.756100178E-001
 3.396460056E+000 7.365850210E-001
 3.418009996E+000 4.036589861E-001
 3.436490059E+000 1.048780009E-001
 3.451889992E+000 -1.512199938E-001
 3.494999886E+000 -6.975610256E-001
 3.494999886E+000 7.621949911E-001
 3.510390043E+000 4.975610077E-001
 3.531949997E+000 2.926830053E-001
 3.547339916E+000 5.743899941E-001
 3.553499937E+000 8.219509721E-001
 3.556580067E+000 1.009760022E+000
 3.559659958E+000 1.248780012E+000
 3.575059891E+000 1.479269981E+000
 3.599689960E+000 1.231709957E+000
 3.608930111E+000 1.026829958E+000
 3.633559942E+000 8.390240073E-001
 3.661279917E+000 6.341459751E-001
 3.688990116E+000 7.536590099E-001
 3.725939989E+000 7.792680264E-001
 3.753659964E+000 9.073169827E-001
 3.775209904E+000 8.646339774E-001
 3.818320036E+000 9.756100178E-001
 3.870670080E+000 8.219509721E-001
 3.892220020E+000 5.573170185E-001
 3.913779974E+000 2.500000000E-001
 3.938410044E+000 -8.292680234E-002
 3.959969997E+000 -3.475610018E-001
 3.981519938E+000 -7.829269767E-001
 3.996920109E+000 -9.963409901E-001
 4.006159782E+000 1.163409948E+000
