186	186
-15
-14.2898
-13.6134
-12.9692
-12.3557
-11.7714
-11.2149
-10.6849
-10.1802
-9.69945
-9.24163
-8.80562
-8.39036
-7.99488
-7.61824
-7.25953
-6.9179
-6.59254
-6.28267
-5.98755
-5.70649
-5.43882
-5.18389
-4.9411
-4.70987
-4.48965
-4.27992
-4.08018
-3.88995
-3.70877
-3.53623
-3.3719
-3.21539
-3.06634
-2.92439
-2.78919
-2.66043
-2.53781
-2.42102
-2.3098
-2.20387
-2.10299
-2.00691
-1.9154
-1.82825
-1.74526
-1.66621
-1.59093
-1.51923
-1.45095
-1.38592
-1.32398
-1.265
-1.20882
-1.15532
-1.10437
-1.05584
-1.00963
-0.965611
-0.923691
-0.883768
-0.845746
-0.809534
-0.775047
-0.742202
-0.710921
-0.681129
-0.652757
-0.625735
-0.6
-0.575
-0.55
-0.525
-0.5
-0.475
-0.45
-0.425
-0.4
-0.375
-0.35
-0.325
-0.3
-0.275
-0.25
-0.225
-0.2
-0.175
-0.15
-0.125
-0.1
-0.075
-0.05
-0.025
4.36456e-15
0.025
0.05
0.075
0.1
0.125
0.15
0.175
0.2
0.225
0.25
0.275
0.3
0.325
0.35
0.375
0.4
0.425
0.45
0.475
0.5
0.525
0.55
0.575
0.6
0.625735
0.652757
0.681129
0.710921
0.742202
0.775047
0.809534
0.845746
0.883768
0.923691
0.965611
1.00963
1.05584
1.10437
1.15532
1.20882
1.265
1.32398
1.38592
1.45095
1.51923
1.59093
1.66621
1.74526
1.82825
1.9154
2.00691
2.10299
2.20387
2.3098
2.42102
2.53781
2.66043
2.78919
2.92439
3.06634
3.21539
3.3719
3.53623
3.70877
3.88995
4.08018
4.27992
4.48965
4.70987
4.9411
5.18389
5.43882
5.70649
5.98755
6.28267
6.59254
6.9179
7.25953
7.61824
7.99488
8.39036
8.80562
9.24163
9.69945
10.1802
10.6849
11.2149
11.7714
12.3557
12.9692
13.6134
14.2898
15
-15
-14.2898
-13.6134
-12.9692
-12.3557
-11.7714
-11.2149
-10.6849
-10.1802
-9.69945
-9.24163
-8.80562
-8.39036
-7.99488
-7.61824
-7.25953
-6.9179
-6.59254
-6.28267
-5.98755
-5.70649
-5.43882
-5.18389
-4.9411
-4.70987
-4.48965
-4.27992
-4.08018
-3.88995
-3.70877
-3.53623
-3.3719
-3.21539
-3.06634
-2.92439
-2.78919
-2.66043
-2.53781
-2.42102
-2.3098
-2.20387
-2.10299
-2.00691
-1.9154
-1.82825
-1.74526
-1.66621
-1.59093
-1.51923
-1.45095
-1.38592
-1.32398
-1.265
-1.20882
-1.15532
-1.10437
-1.05584
-1.00963
-0.965611
-0.923691
-0.883768
-0.845746
-0.809534
-0.775047
-0.742202
-0.710921
-0.681129
-0.652757
-0.625735
-0.6
-0.575
-0.55
-0.525
-0.5
-0.475
-0.45
-0.425
-0.4
-0.375
-0.35
-0.325
-0.3
-0.275
-0.25
-0.225
-0.2
-0.175
-0.15
-0.125
-0.1
-0.075
-0.05
-0.025
4.36456e-15
0.025
0.05
0.075
0.1
0.125
0.15
0.175
0.2
0.225
0.25
0.275
0.3
0.325
0.35
0.375
0.4
0.425
0.45
0.475
0.5
0.525
0.55
0.575
0.6
0.625735
0.652757
0.681129
0.710921
0.742202
0.775047
0.809534
0.845746
0.883768
0.923691
0.965611
1.00963
1.05584
1.10437
1.15532
1.20882
1.265
1.32398
1.38592
1.45095
1.51923
1.59093
1.66621
1.74526
1.82825
1.9154
2.00691
2.10299
2.20387
2.3098
2.42102
2.53781
2.66043
2.78919
2.92439
3.06634
3.21539
3.3719
3.53623
3.70877
3.88995
4.08018
4.27992
4.48965
4.70987
4.9411
5.18389
5.43882
5.70649
5.98755
6.28267
6.59254
6.9179
7.25953
7.61824
7.99488
8.39036
8.80562
9.24163
9.69945
10.1802
10.6849
11.2149
11.7714
12.3557
12.9692
13.6134
14.2898
15
